{
    "fiducials": [
        {
            "family": "apriltag3_36h11_classic",
            "id": 1,
            "size": 165.1,
            "transform": [
                -0.5877852522924729,
                -0.8090169943749473,
                0.0,
                7.913292,
                0.8090169943749473,
                -0.5877852522924729,
                0.0,
                -3.392858,
                0.0,
                0.0,
                1.0,
                1.4859,
                0.0,
                0.0,
                0.0,
                1.0
            ],
            "unique": true
        },
        {
            "family": "apriltag3_36h11_classic",
            "id": 2,
            "size": 165.1,
            "transform": [
                -0.5877852522924734,
                0.8090169943749473,
                -0.0,
                7.913292,
                -0.8090169943749473,
                -0.5877852522924734,
                0.0,
                3.393259999999999,
                0.0,
                0.0,
                1.0,
                1.4859,
                0.0,
                0.0,
                0.0,
                1.0
            ],
            "unique": true
        },
        {
            "family": "apriltag3_36h11_classic",
            "id": 3,
            "size": 165.1,
            "transform": [
                -2.220446049250313e-16,
                1.0,
                -0.0,
                2.7169600000000003,
                -1.0,
                -2.220446049250313e-16,
                0.0,
                4.0107339999999985,
                0.0,
                0.0,
                1.0,
                1.30175,
                0.0,
                0.0,
                0.0,
                1.0
            ],
            "unique": true
        },
        {
            "family": "apriltag3_36h11_classic",
            "id": 4,
            "size": 165.1,
            "transform": [
                0.8660254037844387,
                0.0,
                0.49999999999999994,
                0.5020799999999994,
                0.0,
                1.0,
                0.0,
                2.1115759999999995,
                -0.49999999999999994,
                0.0,
                0.8660254037844387,
                1.8679160000000001,
                0.0,
                0.0,
                0.0,
                1.0
            ],
            "unique": true
        },
        {
            "family": "apriltag3_36h11_classic",
            "id": 5,
            "size": 165.1,
            "transform": [
                0.8660254037844387,
                0.0,
                0.49999999999999994,
                0.5020799999999994,
                0.0,
                1.0,
                0.0,
                -2.111174,
                -0.49999999999999994,
                0.0,
                0.8660254037844387,
                1.8679160000000001,
                0.0,
                0.0,
                0.0,
                1.0
            ],
            "unique": true
        },
        {
            "family": "apriltag3_36h11_classic",
            "id": 6,
            "size": 165.1,
            "transform": [
                0.5000000000000001,
                0.8660254037844386,
                -0.0,
                4.700446000000001,
                -0.8660254037844386,
                0.5000000000000001,
                0.0,
                -0.7197620000000002,
                0.0,
                0.0,
                1.0,
                0.308102,
                0.0,
                0.0,
                0.0,
                1.0
            ],
            "unique": true
        },
        {
            "family": "apriltag3_36h11_classic",
            "id": 7,
            "size": 165.1,
            "transform": [
                1.0,
                0.0,
                0.0,
                5.116498,
                0.0,
                1.0,
                0.0,
                -0.00017999999999940286,
                0.0,
                0.0,
                1.0,
                0.308102,
                0.0,
                0.0,
                0.0,
                1.0
            ],
            "unique": true
        },
        {
            "family": "apriltag3_36h11_classic",
            "id": 8,
            "size": 165.1,
            "transform": [
                0.5000000000000001,
                -0.8660254037844386,
                0.0,
                4.700446000000001,
                0.8660254037844386,
                0.5000000000000001,
                0.0,
                0.7194019999999997,
                0.0,
                0.0,
                1.0,
                0.308102,
                0.0,
                0.0,
                0.0,
                1.0
            ],
            "unique": true
        },
        {
            "family": "apriltag3_36h11_classic",
            "id": 9,
            "size": 165.1,
            "transform": [
                -0.4999999999999998,
                -0.8660254037844388,
                0.0,
                3.869358,
                0.8660254037844388,
                -0.4999999999999998,
                0.0,
                0.7194019999999997,
                0.0,
                0.0,
                1.0,
                0.308102,
                0.0,
                0.0,
                0.0,
                1.0
            ],
            "unique": true
        },
        {
            "family": "apriltag3_36h11_classic",
            "id": 10,
            "size": 165.1,
            "transform": [
                -1.0,
                -1.2246467991473532e-16,
                0.0,
                3.4533059999999995,
                1.2246467991473532e-16,
                -1.0,
                0.0,
                -0.00017999999999940286,
                0.0,
                0.0,
                1.0,
                0.308102,
                0.0,
                0.0,
                0.0,
                1.0
            ],
            "unique": true
        },
        {
            "family": "apriltag3_36h11_classic",
            "id": 11,
            "size": 165.1,
            "transform": [
                -0.5000000000000002,
                0.8660254037844384,
                -0.0,
                3.869358,
                -0.8660254037844384,
                -0.5000000000000002,
                0.0,
                -0.7197620000000002,
                0.0,
                0.0,
                1.0,
                0.308102,
                0.0,
                0.0,
                0.0,
                1.0
            ],
            "unique": true
        },
        {
            "family": "apriltag3_36h11_classic",
            "id": 12,
            "size": 165.1,
            "transform": [
                0.49105677386003477,
                -0.8706176648049524,
                0.029801452577769685,
                -7.933257938917522,
                0.8689344648139736,
                0.491959776563051,
                0.05411537768957061,
                -3.3043280758327964,
                -0.06177491970554595,
                -0.0006782135381144527,
                0.9980898753728394,
                1.4582175468409129,
                0.0,
                0.0,
                0.0,
                1.0
            ],
            "unique": true
        },
        {
            "family": "apriltag3_36h11_classic",
            "id": 13,
            "size": 165.1,
            "transform": [
                0.5670903559626302,
                0.8236555268840424,
                0.00031813133707271103,
                -8.009304423946562,
                -0.8232997220063534,
                0.5668566509260229,
                -0.0291737046875111,
                3.3583527485396276,
                -0.024209417969839074,
                0.016282209134615852,
                0.9995743062660516,
                1.4763655720026847,
                0.0,
                0.0,
                0.0,
                1.0
            ],
            "unique": true
        },
        {
            "family": "apriltag3_36h11_classic",
            "id": 14,
            "size": 165.1,
            "transform": [
                -0.8660254037844388,
                -1.2246467991473532e-16,
                -0.49999999999999994,
                -0.501728,
                1.0605752387249069e-16,
                -1.0,
                6.123233995736766e-17,
                2.1115759999999995,
                -0.49999999999999994,
                0.0,
                0.8660254037844387,
                1.8679160000000001,
                0.0,
                0.0,
                0.0,
                1.0
            ],
            "unique": true
        },
        {
            "family": "apriltag3_36h11_classic",
            "id": 15,
            "size": 165.1,
            "transform": [
                -0.8660254037844388,
                -1.2246467991473532e-16,
                -0.49999999999999994,
                -0.501728,
                1.0605752387249069e-16,
                -1.0,
                6.123233995736766e-17,
                -2.111174,
                -0.49999999999999994,
                0.0,
                0.8660254037844387,
                1.8679160000000001,
                0.0,
                0.0,
                0.0,
                1.0
            ],
            "unique": true
        },
        {
            "family": "apriltag3_36h11_classic",
            "id": 16,
            "size": 165.1,
            "transform": [
                -2.220446049250313e-16,
                -1.0000000000000002,
                0.0,
                -2.716353999999999,
                1.0000000000000002,
                -2.220446049250313e-16,
                0.0,
                -4.010332,
                0.0,
                0.0,
                1.0,
                1.30175,
                0.0,
                0.0,
                0.0,
                1.0
            ],
            "unique": true
        },
        {
            "family": "apriltag3_36h11_classic",
            "id": 17,
            "size": 165.1,
            "transform": [
                -0.5000000000000002,
                0.8660254037844384,
                0.0,
                -4.700094,
                -0.8660254037844384,
                -0.5000000000000002,
                0.0,
                -0.7197620000000002,
                0.0,
                0.0,
                1.0,
                0.308102,
                0.0,
                0.0,
                0.0,
                1.0
            ],
            "unique": true
        },
        {
            "family": "apriltag3_36h11_classic",
            "id": 18,
            "size": 165.1,
            "transform": [
                -0.9988833562925643,
                -0.021773734241108997,
                -0.0419278549284144,
                -5.103433179464445,
                0.022100600629406407,
                -0.9997287469467291,
                -0.007348195706507515,
                0.02723298574486499,
                -0.04175648420928284,
                -0.008266621167031418,
                0.9990936187369833,
                0.3021461684242996,
                0.0,
                0.0,
                0.0,
                1.0
            ],
            "unique": true
        },
        {
            "family": "apriltag3_36h11_classic",
            "id": 19,
            "size": 165.1,
            "transform": [
                -0.5165059307274766,
                -0.8561508986966317,
                -0.015075217553614868,
                -4.666165132363762,
                0.8562713258655619,
                -0.5163241607829032,
                -0.014449134654338659,
                0.75855920717287,
                0.004586940567710785,
                -0.02037154026519147,
                0.999781956390218,
                0.30597115083244625,
                0.0,
                0.0,
                0.0,
                1.0
            ],
            "unique": true
        },
        {
            "family": "apriltag3_36h11_classic",
            "id": 20,
            "size": 165.1,
            "transform": [
                0.5405433711321159,
                -0.8412895559681458,
                -0.006689315663619189,
                -3.822975073057492,
                0.8413100957934171,
                0.540492231805733,
                0.008091357965681903,
                0.7608367553445614,
                -0.003191651797845267,
                -0.010001518713558262,
                0.9999448899725543,
                0.3172989786197184,
                0.0,
                0.0,
                0.0,
                1.0
            ],
            "unique": true
        },
        {
            "family": "apriltag3_36h11_classic",
            "id": 21,
            "size": 165.1,
            "transform": [
                1.0,
                0.0,
                0.0,
                -3.452953999999999,
                0.0,
                1.0,
                0.0,
                -0.00017999999999940286,
                0.0,
                0.0,
                1.0,
                0.308102,
                0.0,
                0.0,
                0.0,
                1.0
            ],
            "unique": true
        },
        {
            "family": "apriltag3_36h11_classic",
            "id": 22,
            "size": 165.1,
            "transform": [
                0.5041483209700386,
                0.8636010646977271,
                -0.005260372234281928,
                -3.8301206648445776,
                -0.8636170193372478,
                0.5041413151918186,
                -0.0026792214748582763,
                -0.7165331597640558,
                0.0003381924583407939,
                0.005893671997631647,
                0.999982574976307,
                0.31126240111237574,
                0.0,
                0.0,
                0.0,
                1.0
            ],
            "unique": true
        }
    ],
    "type": "frc"
}